$ANSIBLE_VAULT;1.1;AES256
64343965353638663935363234386166646332636562653563333732353037323837623832633233
3834386564653766313561376166633139393331643439660a363461616630633437373738633636
33333235316233373231333131646638666138303364383665303832616237333932326166383930
6236373364353666610a383539633162613830393936633762623863393963343063653639343630
38376364333162336337343234336139393336316633616638313663366136333364636363643662
32313335326236663737386263643465306331623731343334383634626135393830343337376534
33343438333863353234353663633931666335303963663165326331353738633464363433393735
30326639366266306533656630656165373537653334386333373461623633373433323933313864
38393530383465396462343866626264333062383038353934373565616438353832316364336461
39306165666336363038303235383363326437643630653638353532373965613533323232326130
62623639383862653830376533326332336235326531653031343736306463326439613462326131
65386466306633626332366636623763616336333062393266653336663538383634376532396131
39386639663730616530316334663261643239356533623734666562396539313131353336343134
64333134396233323030333831313261383032633164376566653730376131306434643535333462
64356135646666333066656362663838396437303461346138366662623465353263363532373164
64643735396231313437383663303133306334333864366130343865356139663662353664616637
32303636336231343438333164366330363837656131633033366565323830626431393265653261
30313762336366333336333734616330626439333664383330393462643762333732366265323336
66633664373432383661306338313534393561623431613239326237363334666634616237343634
38326533623435633336316237373463393362343137653630336334616331646135626234393239
66386230393433653738633336383964363561643166323232343764613032363062613263363566
33633539623735663231633837323466326433636634653561386538353030336664366263333137
36616430623362663939363663326334353862663739633961336438383164353230363563326262
33303030316534636362313463303632386262336433383138313235386637616537383939616164
31663035323066393861666164333639316638383463356233323832393662333437653466623631
39373564663362616163353738613361346435313836353035393338613764623861313534306633
61616130373533336235663739663135316161366637303037333531316166323739636563333564
33393033343135653437323137616164333630383862316231653033623834343563383339313462
33666332333061393563336636643562653733393363326332646130393962623233373336306365
62323831666339643262393065653465396463636666616138303938663434356439363735636637
31613164626136666532346264636332316433613462663539333634323264663465646266313934
66376661623663323734373934646136326362373335346262306634396134656535343630646338
38613264336234623232656237663366653135663763323337363032656666346366666233383064
35363930356331366164353732366137313033313837646664316162353566633030373137313530
66663533616534333133633161356235323236383739373735383366656239356365336563313963
37313132613231313339626466336237333966366564333534626138666565363633666534336366
64356233323365356539326132623364313565396261336132636632313033343766626566333362
31373331633066356630616635313930323433626335353365653664393032353739326566666331
61376334373333396638366338366565353939663561626465636263306432613836303537653430
65613838333230363264366366333139613731313734663237353136363862313965323164326361
66623763363937383636666466386634663037383535663638343931623135613965343736336462
64356463643464613163383134373636636339663562396566313536383931353063643638336365
35363336636462306265636262356131383539323963356661613131306135393535316465346335
30333863363230633664643336386435396262326132626132643830623963313337363435656336
36623033666537373162333932336461383630646665396335623631336437653063626263646330
61346161303666306565666632343364306234363736643062336661663631386131633862323433
32383465643736396363333762386533626462326239313364316438633562373933376461393239
34653565303233303265663764393130353334626438623236626331373765653537653337363838
32386662396136393763383831613961616138363336643930313962653735663138323133663830
63376231643038343532373533623164343732336239313735383232623530323536646234616136
65373663303566663530326637303330663938343630393233393862616536656261313037383533
63366137363231323936373134656364313064656265333937396465656663653937623530386236
30383734303663383534363939663838303532633832366464323338643965663539643565353861
31643831353566306264386236366431623333353264353137623962326661643935353131383933
34353765336338376431646263353937373862323061366331626266303231623539396635626461
35306136303839323636326164313538633538613437623763646662353633343763306565613931
33633139346139633065636266643834343832646664613938643662333532623734383535353234
36346431643539653932303164636331366138343039633633366634353839633637633362666563
64653665313737663435616634653831303661616234613835366534323736323930643130623039
61373130616632343434646566346564613134643965633835363162396364636530373162303538
37613130626638326134356331363432613534656163343161303661333537646563333565313230
63373939653265393331366237326230306361313432336237303939373830333930313461623339
38353335353864646330316631366565353332623262643133336330333536303361393139616436
37623266613631363137663663333966313461626533326635353665653535306435666563326436
34383733303133326638373963653137316530396364313337653561626630383661653531346533
34666366303630646233396233313935356536613932323937323939306362623465326265373365
66643937366263333765653736326362343939346463656138346262323236306436333535303738
37306330396663653832613437656237376530343362636662323766373939646239666539623539
37343561396130326433663764623237663165323237326663323333376561346235366263343765
31643135313733326236666331616638623065636661353566323734653035343366663635666161
34613337643033663732326237633139313762373362623135663434636530653431336436323661
32656537616531636231376631323964303938646632393737636134653262303539343662313636
66376230323363356132343362303563373335323332653736306166346430386337346436356231
33663465666465616138363939633737663234366264356231383631656264373239326332636135
323139616635616465633336396465346333
