$ANSIBLE_VAULT;1.1;AES256
66376466316135323534353837373461626133636661363034643834343362613835623832333733
3535393736643732373139373139636539623234373364310a353036393330666637623135383035
34633033613565326565656533393730636233356133396164313165326365663462323037383736
3635613133636236620a313064656435633166333238323866306461336534373661316166633731
31626432613665363032633330643164613163356662383436623832666663393236343536333636
32393037323966326132613763623733303135386439373562646132663933356537366265373830
64353539346566666530353234393431333630636634656266313930353235623163346537356365
32666233366638306634643664323964333933656532356238376337653661396235653737396638
32623132646263386532613564343736333465333631353133316133653336396532653537663338
32353532356133626332643232363831346661623164633665626633386361376565663064636537
63666337656137623261616534346631383864313536343563643764303430393330626239666230
30663266393862646664363538656533343431333465623235323565396235616637633864373135
66633136313833363739376362356465373332306137323165666536643766366232396534616366
32636464626536303166646638663232336363323936366236303539363261643366336434366163
35376131393230656339386462613537653162353164373162346334363262393962663332663064
35653662373930353764346335393730343238323539333830316134663731303663616465363230
61626335653433616434323365376235313062646239613466393963373530313030383764636639
65363264636461316536346231333961373230383637323839326364646536636665306330343535
34373566383431666230626661623538303930646164326638343239303230646462343331363232
36373462623733366563393863343832663464333037363834643265666565373062353433396132
39373336353161653937356539333332616334303430663534313836616463393733393431333962
38333163303938653632316365616431313665303663356633316435663965613161653433393232
36323232656130386336376466393033333538393230383461393062356339383433343833653163
35383430623061633139666639353237623338353536303133383032653464343330313965613536
31333361393338653961306537343165363137633964633736613037326436383565616334613761
34323566333165623631623035663033653931393237323638613062393933323030633564626431
38306339343432323136656439363830313266636562633336613835636633343462373266393961
61616332663031343864666538663265636331633038663130663862393836626261323466623461
33313336396563313339663531343134363830666565326533383665623833336532663538363432
38666636363163613563343033616533656135313164663538363165383831366133643432333961
31323862336632643737393965323435623339326366666638333137616630333736346334663265
34336531626366306435326634353430363261613065376130386161656131663638306562306137
64643037366536626235666539623039363066626138336365323338643931313565373965326633
37656662623138656330323263643836343237643366333732313264303533646262363862316661
31366164353366666532353730343239326265623233306663636565363465643032343732343434
39393033326633383163383930313436623237653365666661636163306630633332396434663838
37353432613833653265323663616630396434653231353335333935323939336263636531623533
65393166366664323639383361303433353961373239376530393765666537353232343465353038
65656135346430616235383130396435306233636334356530613835313366393137323234353461
38363663663366613434313066663964613632626338663830303936663438353863653166663461
35313536653366323230303861633133653334356165373932316664363039643764326161396563
34656266616235323461353461356165303731366336353262633933353761326430386435663030
31656537336432376361643263386565383963623966663530343861636566363136633966623435
62343933366631313264363631313461353633386464636539383634633532343637316361646430
30333832336638393130306431363963623832326563366335303939303964323163343238356263
30353935626166306563376636383565623835383863633738336533633532366331343264643933
61303762643232383130643737313564633738326636613865373734343538396631303765303461
34313861353961646337303234663937373432373739656461333065616130336338323236663634
35316261376435373137333333396166356538383535666162663935343164323932313066616362
39636339633061666265663330346531636333346161343536653062633236663532623664633537
36373536323866363263613735313535396131383931613737356131353331303936303061303538
38356366336335653563653232323563343664313761373731643837623835323961353663323330
36613762633939313639616537396338353037333162353265353330663766623733363130313463
61313730303462306237353664326236313138356266363162653761366266663034383466393231
65306465333633363132633233613931363133616236616238333639653331623563653562333562
33646262383064366263333135646266643363326639653031393530326538393664303037633233
30336635363065653139636338663734303261663537306362336661333532663535356630386430
65613166366463663232373630303534313064633030363965656133663835386562386235653438
66363965356131336263306230623135326134643832613036653965306338633636643033663938
36666638633133643138663739656530306266383233353435316264666334646234383061653564
61313930653737333238633837613331323163353966626537653737393130626162663838356535
36326138653765316538313033366666313065343066326164306539343635363361373839376530
65333036653461623035633261663932616530663466303535343933643832396131616630393330
63306235343739653235
